Percentage_11:          98 Throughput:          207228.92800 AverageDelay:         1.60893 Sent Packets:         250010.00000 Received Packets:         10118.60000 Dropped Packets:         238394.40000 PacketDeliveryRatio:      4.04800 PacketDropRatio:      95.35400 Total time:  25.00000 Total energy consumption:        4004.47820 Average Energy per bit:         .00077 Average Energy per byte:         .00627 Average energy per packet:         .40247 total_retransmit:         0 energy_efficiency(nj/bit):         786113.000000000 
Percentage_11:          99 Throughput:          219885.56800 AverageDelay:         1.35330 Sent Packets:         250020.00000 Received Packets:         10736.60000 Dropped Packets:         238306.80000 PacketDeliveryRatio:      4.29400 PacketDropRatio:      95.31400 Total time:  25.00000 Total energy consumption:        4007.69160 Average Energy per bit:         .00074 Average Energy per byte:         .00599 Average energy per packet:         .38431 total_retransmit:         0 energy_efficiency(nj/bit):         750648.000000000 
Percentage_11:          100 Throughput:          267938.89600 AverageDelay:         1.33586 Sent Packets:         250000.00000 Received Packets:         13082.80000 Dropped Packets:         236163.00000 PacketDeliveryRatio:      5.23400 PacketDropRatio:      94.46400 Total time:  24.99969 Total energy consumption:        4001.85580 Average Energy per bit:         .00059 Average Energy per byte:         .00480 Average energy per packet:         .30830 total_retransmit:         0 energy_efficiency(nj/bit):         602180.000000000 
