Percentage_11:          98 Throughput:          171114.49600 AverageDelay:         1.88287 Sent Packets:         250010.00000 Received Packets:         8355.20000 Dropped Packets:         240111.40000 PacketDeliveryRatio:      3.34200 PacketDropRatio:      96.04000 Total time:  25.00000 Total energy consumption:        4012.70400 Average Energy per bit:         .00096 Average Energy per byte:         .00784 Average energy per packet:         .50217 total_retransmit:         0 energy_efficiency(nj/bit):         980839.000000000 
Percentage_11:          99 Throughput:          197976.06400 AverageDelay:         1.63719 Sent Packets:         250020.00000 Received Packets:         9666.80000 Dropped Packets:         239210.60000 PacketDeliveryRatio:      3.86600 PacketDropRatio:      95.67800 Total time:  25.00000 Total energy consumption:        4004.78880 Average Energy per bit:         .00083 Average Energy per byte:         .00676 Average energy per packet:         .43475 total_retransmit:         0 energy_efficiency(nj/bit):         849144.000000000 
Percentage_11:          100 Throughput:          216853.46000 AverageDelay:         1.65746 Sent Packets:         250000.00000 Received Packets:         10588.40000 Dropped Packets:         238539.00000 PacketDeliveryRatio:      4.23400 PacketDropRatio:      95.41400 Total time:  24.99969 Total energy consumption:        3997.12940 Average Energy per bit:         .00078 Average Energy per byte:         .00645 Average energy per packet:         .41361 total_retransmit:         0 energy_efficiency(nj/bit):         807878.000000000 
