Throughput:          316109.40000 AverageDelay:         .07975 Sent Packets:         35000.00000 Received Packets:         21609.00000 Dropped Packets:         13342.00000 PacketDeliveryRatio:      61.74000 PacketDropRatio:      38.12000 Total time:  34.99993 Total energy consumption:        187.97800 Average Energy per bit:         .00002 Average Energy per byte:         .00014 Average energy per packet:         .00870 total_retransmit:         0 energy_efficiency(nj/bit):         16990.000000000 
Throughput:          316051.17000 AverageDelay:         .07976 Sent Packets:         35000.00000 Received Packets:         21605.00000 Dropped Packets:         13346.00000 PacketDeliveryRatio:      61.73000 PacketDropRatio:      38.13000 Total time:  34.99990 Total energy consumption:        187.96900 Average Energy per bit:         .00002 Average Energy per byte:         .00014 Average energy per packet:         .00870 total_retransmit:         0 energy_efficiency(nj/bit):         16993.000000000 
Throughput:          315963.30000 AverageDelay:         .07979 Sent Packets:         35000.00000 Received Packets:         21599.00000 Dropped Packets:         13352.00000 PacketDeliveryRatio:      61.71000 PacketDropRatio:      38.15000 Total time:  34.99991 Total energy consumption:        187.95900 Average Energy per bit:         .00002 Average Energy per byte:         .00014 Average energy per packet:         .00870 total_retransmit:         0 energy_efficiency(nj/bit):         16997.000000000 
Throughput:          315889.78000 AverageDelay:         .07980 Sent Packets:         35000.00000 Received Packets:         21594.00000 Dropped Packets:         13357.00000 PacketDeliveryRatio:      61.70000 PacketDropRatio:      38.16000 Total time:  34.99995 Total energy consumption:        187.95000 Average Energy per bit:         .00002 Average Energy per byte:         .00014 Average energy per packet:         .00870 total_retransmit:         0 energy_efficiency(nj/bit):         17000.000000000 
